91.389098291954,93.27198060589211
91.38988033745153,93.27197812046121
91.3914431786575,93.27197315357955
91.39378432198245,93.27196571318844
91.3969000419661,93.27195581115215
91.40078539905255,93.27194346320138
91.40543426307025,93.27192868885804
91.41083934223064,93.27191151134303
91.41699221741646,93.2718919574668
91.42388338149209,93.27187005750378
91.43150228332959,93.27184584505206
91.43983737621143,93.27181935687892
91.44887617023979,93.27179063275366
91.45860528835719,93.27175971526886
91.46901052556046,93.2717266496516
91.48007691087263,93.27169148356545
91.49178877162397,93.27165426690584
91.50412979958526,93.27161505158887
91.51708311849158,93.27157389133586
91.53063135249536,93.27153084145527
91.54475669509273,93.27148595862262
91.55944097807532,93.27143930066075
91.57466574007255,93.27139092632109
91.59041229426687,93.27134089506788
91.6066617948831,93.27128926686608
91.62339530207711,93.27123610197437
91.64059384487436,93.27118146074477
91.65823848183763,93.27112540342901
91.67631035917194,93.27106798999331
91.6947907660082,93.27100927994246
91.71366118663883,93.2709493321531
91.7329033495116,93.27088820471768
91.7524992728241,93.27082595479943
91.7724313065919,93.27076263849814
91.79268217109998,93.27069831072791
91.81323499167726,93.27063302510646
91.83407332976749,93.27056683385632
91.85518121029841,93.27049978771784
91.87654314538148,93.27043193587376
91.89814415439893,93.27036332588568
91.91996978056262,93.27029400364155
91.94200610404815,93.27022401331408
91.9642397518314,93.27015339732965
91.9866579043698,93.27008219634764
92.00924829928799,93.2700104492489
92.03199923223876,93.26993819313341
92.05489955512216,93.26986546332662
92.07793867185346,93.26979229339304
92.10110653187488,93.26971871515764
92.12439362161284,93.26964475873349
92.14779095408039,93.26957045255534
92.17129005682676,93.26949582341857
92.19488295843213,93.26942089652272
92.21856217374265,93.26934569551904
92.2423206880344,93.26927024256155
92.26615194028966,93.26919455836077
92.29004980575894,93.2691186622397
92.31400857797578,93.26904257219199
92.33802295037947,93.26896630494065
92.3620879976919,93.26888987599814
92.38619915718384,93.26881329972639
92.41035220995485,93.26873658939714
92.4345432623389,93.26865975725148
92.45876872753888,93.26858281455884
92.48302530757907,93.26850577167511
92.5073099756567,93.26842863809927
92.53161995896069,93.26835142252828
92.55595272201684,93.2682741329108
92.58030595060873,93.2681967764989
92.60467753631404,93.26811935989721
92.62906556168734,93.26804188911086
92.6534682861128,93.26796436959081
92.67788413234237,93.26788680627676
92.70231167372802,93.26780920363827
92.7267496221511,93.2677315657133
92.75119681664522,93.26765389614481
92.77565221270596,93.26757619821471
92.80011487227414,93.26749847487599
92.82458395437733,93.2674207287827
92.84905870641089,93.2673429623176
92.87353845603647,93.26726517761811
92.8980226036743,93.26718737660006
92.92251061556426,93.26710956097985
92.9470020173685,93.26703173229464
92.9714963882892,93.26695389192106
92.99599335567176,93.26687604109206
93.02049259006735,93.26679818091266
93.04499380072534,93.26672031237376
93.06949673148785,93.26664243636532
93.09400115706046,93.26656455368767
93.11850687963145,93.26648666506203
93.14301372581389,93.26640877113994
93.16752154388728,93.26633087251149
93.19203020131323,93.26625296971311
93.21653958250452,93.26617506323396
93.24104958682497,93.26609715352194
93.26556012680072,93.26601924098898
93.2900711265237,93.26594132601554
93.31458252023036,93.2658634089546
93.33909425103806,93.26578549013516
93.36360626982494,93.2657075698655
93.38811842250108,93.26562964879223
93.41263057761998,93.26555172749242
93.4371427349629,93.26547380612618
93.46165489431006,93.2653958848552
93.48616705544137,93.26531796384214
93.51067921813778,93.26524004325006
93.53519138218216,93.26516212324188
93.55970354736044,93.26508420397973
93.58421571346234,93.2650062856244
93.60872788028263,93.26492836833478
93.63324004762181,93.2648504522675
93.65775221528705,93.26477253757602
93.68226438309308,93.26469462441047
93.70677655086303,93.26461671291693
93.73128871842871,93.26453880323706
93.75580088563211,93.2644608955076
93.78031305232513,93.26438298985995
93.80482521837078,93.26430508641972
93.8293373836433,93.26422718530642
93.85384954802889,93.26414928663283
93.87836171142573,93.26407139050518
93.90287387374453,93.26399349702221
93.92738603490871,93.26391560627545
93.95189819485445,93.26383771834851
93.9764103535308,93.26375983331718
94.00092251089984,93.26368195124903
94.0254346669364,93.26360407220334
94.04994682162821,93.2635261962309
94.07445897497527,93.26344832337386
94.09897112699011,93.26337045366583
94.12348327769705,93.2632925871316
94.14799542713212,93.26321472378716
94.17250757534234,93.26313686363984
94.19701972238538,93.2630590066882
94.22153186832912,93.26298115292204
94.24604401325062,93.26290330232251
94.27055615723596,93.26282545486238
94.29506830037928,93.26274761050584
94.31958044278211,93.2626697692089
94.34409258455251,93.26259193091946
94.36860472580452,93.26251409557737
94.39311686665702,93.26243626311484
94.4176290072332,93.26235843345655
94.44214114765946,93.26228060651995
94.46665328806472,93.26220278221525
94.49116542857941,93.26212496044616
94.51567756933471,93.26204714110969
94.54018971046168,93.26196932409665
94.56470185209031,93.26189150929206
94.58921399434874,93.26181369657526
94.61372613736246,93.2617358858203
94.6382382812535,93.26165807689637
94.66275042613961,93.26158026966796
94.68726257213352,93.26150246399543
94.71177471934226,93.2614246597351
94.73628686786645,93.26134685673988
94.76079901779973,93.26126905485938
94.78531116922814,93.26119125394062
94.80982332222955,93.26111345382802
94.83433547687318,93.26103565436401
94.85884763321913,93.2609578553894
94.88335979131811,93.26088005674386
94.90787195121104,93.26080225826594
94.93238411292857,93.26072445979389
94.95689627649132,93.26064666116586
94.98140844190925,93.2605688622203
95.00592060918179,93.26049106279636
95.03043277829775,93.26041326273435
95.05494494923539,93.26033546187607
95.07945712196226,93.26025766006522
95.10396929643565,93.26017985714785
95.1284814726025,93.26010205297266
95.15299365039965,93.26002424739139
95.17750582975434,93.25994644025945
95.20201801058421,93.2598686314359
95.22653019279792,93.25979082078418
95.25104237629543,93.25971300817223
95.27555456096852,93.25963519347313
95.3000667467011,93.25955737656511
95.32457893337015,93.2594795573322
95.34909112084578,93.25940173566448
95.37360330899216,93.25932391145832
95.39811549766792,93.25924608461682
95.42262768672687,93.25916825505
95.4471398760188,93.25909042267514
95.4716520653898,93.25901258741713
95.4961642546832,93.25893474920862
95.52067644374013,93.2588569079903
95.54518863240034,93.25877906371116
95.56970082050258,93.25870121632846
95.59421300788563,93.25862336580836
95.61872519438874,93.25854551212564
95.64323737985248,93.258467655264
95.66774956411906,93.25838979521625
95.69226174703338,93.25831193198404
95.71677392844343,93.25823406557858
95.74128610820074,93.2581561960197
95.76579828616133,93.25807832333675
95.79031046218591,93.25800044756797
95.81482263614066,93.25792256876068
95.83933480789747,93.25784468697104
95.86384697733463,93.2577668022639
95.88835914433723,93.25768891471286
95.91287130879742,93.25761102439968
95.93738347061482,93.25753313141436
95.961895629697,93.25745523585456
95.9864077859596,93.25737733782563
96.01091993932671,93.25729943743997
96.03543208973102,93.25722153481684
96.05994423711405,93.25714363008191
96.08445638142632,93.25706572336662
96.10896852262735,93.25698781480811
96.13348066068592,93.2569099045483
96.15799279558007,93.25683199273375
96.18250492729709,93.25675407951475
96.2070170558334,93.25667616504502
96.23152918119473,93.25659824948117
96.25604130339599,93.25652033298174
96.28055342246088,93.2564424157069
96.30506553842221,93.25636449781774
96.32957765132153,93.25628657947559
96.3540897612088,93.25620866084141
96.37860186814244,93.25613074207504
96.40311397218892,93.25605282333471
96.42762607342272,93.25597490477625
96.45213817192578,93.25589698655249
96.47665026778752,93.2558190688126
96.50116236110422,93.25574115170151
96.52567445197903,93.25566323535928
96.55018654052141,93.25558531992037
96.5746986268469,93.25550740551338
96.59921071107682,93.2554294922601
96.6237227933377,93.25535158027527
96.64823487376124,93.25527366966597
96.67274695248358,93.2551957605312
96.69725902964514,93.2551178529614
96.7217711053903,93.25503994703816
96.74628317986674,93.25496204283367
96.77079525322532,93.25488414041065
96.79530732561949,93.25480623982196
96.81981939720514,93.25472834111042
96.8443314681398,93.25465044430847
96.86884353858267,93.25457254943836
96.89335560869398,93.25449465651188
96.91786767863465,93.25441676553034
96.94237974856591,93.25433887648452
96.9668918186488,93.25426098935512
96.99140388904408,93.25418310411229
97.01591595991147,93.25410522071637
97.04042803140943,93.25402733911777
97.06494010369485,93.25394945925744
97.08945217692263,93.25387158106707
97.1139642512452,93.25379370446957
97.13847632681227,93.25371582937929
97.16298840377041,93.25363795570277
97.18750048226286,93.253560083339
97.21201256242887,93.25348221218007
97.23652464440359,93.25340434211166
97.26103672831768,93.25332647301387
97.28554881429702,93.25324860476141
97.31006090246231,93.25317073722474
97.33457299292874,93.25309287027046
97.35908508580584,93.25301500376213
97.3835971811971,93.252937137561
97.40810927919966,93.25285927152665
97.4326213799041,93.25278140551767
97.45713348339416,93.25270353939275
97.48164558974655,93.25262567301104
97.50615769903062,93.25254780623295
97.53066981130834,93.25246993892121
97.55518192663388,93.25239207094116
97.57969404505354,93.25231420216174
97.60420616660575,93.25223633245601
97.6287182913205,93.25215846170208
97.65323041921972,93.25208058978342
97.67774255031689,93.25200271658966
97.702254684617,93.2519248420172
97.72676682211657,93.25184696596975
97.75127896280341,93.25176908835856
97.77579110665705,93.25169120910348
97.80030325364817,93.25161332813289
97.82481540373911,93.25153544538415
97.84932755688376,93.25145756080423
97.8738397130275,93.25137967434966
97.89835187210754,93.2513017859871
97.92286403405298,93.25122389569322
97.94737619878501,93.25114600345498
97.97188836621685,93.25106810926997
97.99640053625436,93.25099021314597
98.02091270879595,93.25091231510139
98.04542488373303,93.250834415165
98.06993706095015,93.25075651337573
98.09444924032542,93.25067860978278
98.11896142173087,93.25060070444528
98.1434736050326,93.25052279743201
98.16798579009131,93.25044488882118
98.19249797676268,93.2503669787
98.21701016489777,93.25028906716442
98.24152235434335,93.25021115431869
98.26603454494253,93.25013324027482
98.29054673653496,93.25005532515218
98.31505892895753,93.249977409077
98.33957112204469,93.24989949218175
98.36408331562903,93.24982157460468
98.38859550954167,93.24974365648913
98.41310770361281,93.24966573798291
98.43761989767232,93.24958781923789
98.46213209155009,93.24950990040901
98.48664428507651,93.24943198165386
98.51115647808318,93.24935406313213
98.53566867040317,93.24927614500474
98.56018086187167,93.24919822743318
98.58469305232633,93.24912031057909
98.60920524160787,93.24904239460338
98.63371742956046,93.24896447966572
98.6582296160322,93.24888656592383
98.68274180087543,93.24880865353296
98.70725398394738,93.2487307426453
98.73176616511041,93.24865283340918
98.75627834423238,93.24857492596894
98.780790521187,93.24849702046389
98.80530269585441,93.24841911702829
98.82981486812112,93.2483412157904
98.85432703788052,93.24826331687248
98.8788392050332,93.24818542039012
98.90335136948713,93.24810752645173
98.92786353115774,93.24802963515852
98.95237568996846,93.24795174660382
98.97688784585048,93.24787386087307
99.00139999874324,93.24779597804341
99.02591214859443,93.24771809818344
99.05042429535986,93.24764022135298
99.07493643900405,93.24756234760322
99.09944857949982,93.24748447697604
99.12396071682832,93.24740660950452
99.1484728509795,93.24732874521243
99.17298498195142,93.24725088411432
99.1974971097507,93.24717302621566
99.22200923439226,93.24709517151265
99.24652135589929,93.24701731999251
99.27103347430297,93.24693947163323
99.29554558964253,93.24686162640411
99.3200577019651,93.24678378426547
99.34456981132526,93.2467059451692
99.36908191778531,93.24662810905858
99.39359402141457,93.2465502758688
99.4181061222896,93.24647244552699
99.4426182204937,93.24639461795256
99.46713031611657,93.24631679305735
99.49164240925452,93.24623897074612
99.51615450000956,93.24616115091668
99.54066658848977,93.24608333346013
99.56517867480842,93.24600551826141
99.58969075908408,93.24592770519952
99.61420284144012,93.24584989414775
99.63871492200445,93.24577208497432
99.66322700090927,93.24569427754243
99.6877390782906,93.24561647171082
99.71225115428793,93.24553866733415
99.73676322904417,93.24546086426324
99.76127530270489,93.24538306234578
99.7857873754183,93.24530526142642
99.81029944733483,93.24522746134714
99.83481151860666,93.24514966194799
99.85932358938747,93.24507186306718
99.8838356598321,93.24499406454167
99.90834773009618,93.24491626620753
99.93285980033565,93.24483846790028
99.9573718707066,93.24476066945542
99.98188394136477,93.24468287070879
100.00639601246522,93.24460507149698
100.03090808416216,93.24452727165779
100.05542015660829,93.24444947103058
100.0799322299546,93.24437166945674
100.10444430435004,93.24429386677996
100.1289563799411,93.24421606284685
100.15346845687165,93.24413825750716
100.17798053528222,93.24406045061428
100.20249261531019,93.24398264202561
100.22700469708882,93.24390483160283
100.25151678074741,93.24382701921246
100.27602886641098,93.24374920472609
100.30054095419956,93.24367138802086
100.32505304422824,93.24359356897972
100.34956513660663,93.24351574749166
100.37407723143885,93.24343792345233
100.39858932882287,93.24336009676416
100.4231014288506,93.24328226733661
100.44761353160743,93.24320443508668
100.47212563717189,93.24312659993882
100.49663774561562,93.24304876182565
100.52114985700311,93.24297092068775
100.54566197139125,93.24289307647416
100.57017408882963,93.24281522914245
100.59468620935972,93.2427373786589
100.61919833301529,93.2426595249987
100.64371045982188,93.24258166814607
100.66822258979687,93.24250380809418
100.6927347229493,93.24242594484548
100.71724685928,93.24234807841158
100.74175899878107,93.24227020881322
100.76627114143635,93.2421923360804
100.7907832872211,93.24211446025217
100.81529543610216,93.24203658137662
100.83980758803789,93.24195869951076
100.86431974297832,93.24188081472045
100.88883190086521,93.24180292707993
100.9133440616321,93.24172503667191
100.93785622520464,93.2416471435873
100.96236839150043,93.24156924792462
100.98688056042955,93.24149134979004
101.01139273189466,93.24141344929684
101.03590490579109,93.24133554656505
101.06041708200732,93.24125764172106
101.08492926042517,93.24117973489723
101.10944144092011,93.2411018262312
101.13395362336169,93.24102391586581
101.15846580761377,93.24094600394805
101.18297799353488,93.24086809062896
101.2074901809788,93.2407901760628
101.23200236979481,93.24071226040654
101.25651455982823,93.24063434381934
101.28102675092074,93.24055642646171
101.3055389429109,93.24047850849513
101.33005113563469,93.2404005900813
101.35456332892588,93.24032267138132
101.37907552261659,93.24024475255531
101.40358771653777,93.24016683376165
101.42809991051968,93.2400889151563
101.45261210439241,93.24001099689217
101.47712429798626,93.23993307911849
101.50163649113256,93.23985516198012
101.5261486836638,93.23977724561713
101.55066087541431,93.23969933016386
101.57517306622083,93.23962141574869
101.5996852559227,93.23954350249333
101.62419744436262,93.23946559051237
101.648709631387,93.23938767991248
101.67322181684631,93.23930977079263
101.69773400059566,93.23923186324281
101.7222461824951,93.23915395734429
101.74675836241009,93.23907605316909
101.77127054021172,93.23899815077944
101.7957827157774,93.23892025022789
101.82029488899062,93.23884235155684
101.84480705974192,93.23876445479844
101.86931922792871,93.2386865599745
101.89383139345567,93.2386086670964
101.918343556235,93.23853077616505
101.94285571618659,93.23845288717091
101.96736787323835,93.23837500009414
101.99188002732609,93.23829711490463
102.016392178394,93.23821923156225
102.04090432639441,93.23814135001714
102.06541647128815,93.23806347020984
102.0899286130444,93.23798559207165
102.11444075164084,93.23790771552518
102.13895288706372,93.23782984048448
102.16346501930771,93.23775196685574
102.18797714837588,93.23767409453774
102.21248927427968,93.23759622342223
102.2370013970388,93.23751835339469
102.26151351668122,93.23744048433494
102.28602563324286,93.2373626161176
102.31053774676762,93.23728474861285
102.33504985730707,93.23720688168724
102.35956196492032,93.23712901520419
102.38407406967397,93.23705114902472
102.40858617164163,93.2369732830084
102.43309827090383,93.23689541701383
102.45761036754786,93.23681755089959
102.48212246166736,93.23673968452476
102.5066345533622,93.23666181774992
102.53114664273791,93.23658395043768
102.55565872990582,93.23650608245353
102.58017081498252,93.23642821366636
102.6046828980894,93.23635034394955
102.62919497935279,93.23627247318105
102.65370705890312,93.2361946012446
102.67821913687499,93.23611672802998
102.70273121340661,93.23603885343367
102.72724328863961,93.2359609773596
102.75175536271857,93.2358830997193
102.77626743579076,93.23580522043267
102.80077950800579,93.23572733942834
102.82529157951515,93.23564945664388
102.8498036504721,93.2355715720265
102.87431572103104,93.23549368553306
102.89882779134729,93.23541579713017
102.9233398615768,93.23533790679501
102.94785193187569,93.23526001451471
102.97236400239989,93.23518212028704
102.99687607330472,93.2351042241201
103.02138814474482,93.23502632603248
103.04590021687348,93.23494842605315
103.07041228984247,93.23487052422144
103.09492436380158,93.23479262058662
103.11943643889832,93.23471471520811
103.14394851527761,93.23463680815495
103.16846059308138,93.23455889950546
103.19297267244819,93.23448098934712
103.217484753513,93.23440307777608
103.24199683640686,93.23432516489672
103.26650892125633,93.23424725082133
103.29102100818352,93.23416933566934
103.31553309730552,93.2340914195672
103.34004518873414,93.23401350264753
103.36455728257573,93.2339355850487
103.3890693789307,93.23385766691412
103.41358147789349,93.23377974839178
103.43809357955203,93.23370182963359
103.46260568398762,93.23362391079465
103.48711779127481,93.23354599203263
103.51162990148093,93.23346807350723
103.53614201466597,93.23339015537937
103.56065413088251,93.23331223781072
103.58516625017533,93.2332343209629
103.60967837258139,93.23315640499673
103.63419049812954,93.23307849007203
103.65870262684061,93.2330005763465
103.68321475872698,93.23292266397537
103.70772689379291,93.23284475311075
103.7322390320341,93.23276684390106
103.75675117343786,93.23268893649048
103.78126331798303,93.23261103101837
103.80577546563985,93.23253312761882
103.83028761637041,93.23245522642017
103.85479977012808,93.23237732754458
103.8793119268581,93.2322994311075
103.90382408649752,93.23222153721731
103.92833624897523,93.23214364597509
103.95284841421223,93.2320657574742
103.97736058212182,93.23198787179984
104.00187275260974,93.23190998902909
104.02638492557438,93.23183210923044
104.05089710090715,93.23175423246366
104.07540927849266,93.23167635877965
104.09992145820907,93.2315984882204
104.12443363992841,93.2315206208187
104.14894582351684,93.23144275659817
104.17345800883514,93.23136489557336
104.19797019573905,93.23128703774941
104.22248238407968,93.23120918312256
104.24699457370396,93.23113133167965
104.27150676445493,93.23105348339868
104.29601895617243,93.23097563824867
104.32053114869335,93.23089779618988
104.3450433418522,93.23081995717384
104.36955553548164,93.23074212114376
104.39406772941282,93.23066428803466
104.41857992347613,93.23058645777336
104.4430921175013,93.23050863027905
104.46760431131833,93.23043080546343
104.4921165047577,93.23035298323097
104.51662869765102,93.23027516347922
104.54114088983142,93.23019734609908
104.56565308113413,93.23011953097524
104.59016527139684,93.23004171798637
104.6146774604603,93.22996390700553
104.6391896481688,93.22988609790059
104.66370183437039,93.22980829053448
104.68821401891756,93.22973048476575
104.71272620166754,93.22965268044865
104.73723838248284,93.22957487743382
104.76175056123132,93.22949707556849
104.78626273778687,93.22941927469694
104.81077491202967,93.22934147466103
104.83528708384644,93.22926367530039
104.85979925313073,93.22918587645292
104.88431141978333,93.22910807795523
104.90882358371238,93.2290302796431
104.93333574483358,93.22895248135175
104.95784790307069,93.22887468291638
104.98236005835518,93.22879688417258
105.00687221062688,93.2287190849566
105.03138435983396,93.22864128510605
105.05589650593275,93.22856348445998
105.08040864888821,93.22848568285949
105.10492078867382,93.22840788014817
105.12943292527157,93.22833007617243
105.153945058672,93.22825227078191
105.17845718887425,93.22817446382983
105.20296931588577,93.22809665517345
105.22748143972265,93.22801884467445
105.25199356040913,93.22794103219937
105.27650567797781,93.22786321761981
105.3010177924694,93.22778540081295
105.32552990393233,93.22770758166182
105.35004201242316,93.2276297600557
105.37455411800588,93.2275519358904
105.39906622075179,93.2274741090686
105.42357832073952,93.22739627950013
105.44809041805463,93.22731844710235
105.47260251278948,93.22724061180014
105.49711460504264,93.22716277352666
105.52162669491906,93.22708493222306
105.54613878252964,93.22700708783898
105.57065086799076,93.22692924033272
105.59516295142421,93.22685138967128
105.6196750329568,93.2267735358307
105.64418711271993,93.226695678796
105.6686991908494,93.22661781856137
105.69321126748503,93.22653995513015
105.71772334277038,93.22646208851508
105.74223541685224,93.22638421873796
105.76674748988046,93.22630634582983
105.79125956200754,93.22622846983107
105.81577163338797,93.22615059079087
105.8402837041785,93.22607270876763
105.86479577453713,93.22599482382823
105.88930784462298,93.2259169360484
105.91381991459612,93.22583904551215
105.93833198461678,93.2257611523115
105.96284405484538,93.22568325654652
105.98735612544166,93.22560535832449
106.01186819656485,93.22552745776001
106.03638026837284,93.22544955497433
106.06089234102191,93.22537165009506
106.08540441466647,93.22529374325556
106.10991648945868,93.22521583459475
106.13442856554772,93.22513792425627
106.15894064307983,93.22506001238808
106.18345272219757,93.22498209914204
106.20796480303986,93.22490418467315
106.23247688574115,93.2248262691389
106.25698897043138,93.22474835269884
106.28150105723542,93.22467043551393
106.3060131462729,93.2245925177457
106.33052523765757,93.22451459955575
106.35503733149734,93.22443668110515
106.3795494278937,93.22435876255359
106.40406152694139,93.22428084405884
106.42857362872826,93.22420292577613
106.45308573333486,93.22412500785738
106.47759784083416,93.22404709045065
106.5021099512915,93.22396917369939
106.526622064764,93.2238912577419
106.55113418130064,93.22381334271087
106.57564630094191,93.22373542873243
106.60015842371966,93.22365751592608
106.62467054965711,93.2235796044037
106.64918267876837,93.22350169426944
106.67369481105871,93.22342378561899
106.69820694652437,93.22334587853936
106.72271908515232,93.22326797310829
106.74723122692059,93.22319006939424
106.77174337179807,93.22311216745571
106.79625551974456,93.22303426734128
106.82076767071092,93.2229563690892
106.84527982463925,93.22287847272752
106.86979198146285,93.22280057827373
106.89430414110652,93.22272268573475
106.91881630348682,93.22264479510707
106.94332846851232,93.22256690637673
106.96784063608375,93.22248901951939
106.99235280609437,93.22241113450048
107.01686497843049,93.22233325127561
107.04137715297159,93.22225536979055
107.06588932959093,93.22217748998175
107.09040150815599,93.2220996117766
107.11491368852869,93.22202173509393
107.13942587056628,93.22194385984439
107.16393805412156,93.221865985931
107.18845023904353,93.22178811324974
107.21296242517805,93.22171024168988
107.23747461236827,93.22163237113494
107.2619868004554,93.22155450146317
107.28649898927917,93.22147663254819
107.31101117867854,93.22139876425963
107.33552336849249,93.22132089646423
107.3600355585604,93.22124302902603
107.38454774872285,93.22116516180758
107.40905993882228,93.22108729467045
107.43357212870373,93.221009427476
107.45808431821523,93.22093156008644
107.48259650720864,93.22085369236514
107.50710869554031,93.22077582417779
107.53162088307151,93.2206979553929
107.55613306966917,93.22062008588264
107.58064525520645,93.22054221552357
107.60515743956311,93.22046434419732
107.62966962262644,93.22038647179113
107.6541818042911,93.22030859819871
107.6786939844603,93.22023072332057
107.70320616304565,93.22015284706477
107.72771833996785,93.22007496934728
107.75223051515692,93.21999709009279
107.77674268855259,93.21991920923453
107.80125486010438,93.2198413267153
107.82576702977201,93.21976344248733
107.85027919752542,93.21968555651272
107.8747913633449,93.21960766876363
107.89930352722126,93.21952977922238
107.92381568915572,93.21945188788179
107.9483278491599,93.21937399474486
107.97284000725577,93.2192960998249
107.99735216347548,93.21921820314556
108.02186431786113,93.21914030474053
108.04637647046464,93.21906240465347
108.07088862134736,93.21898450293766
108.09540077057969,93.21890659965575
108.1199129182409,93.21882869487939
108.14442506441853,93.21875078868874
108.16893720920793,93.21867288117217
108.19344935271181,93.21859497242563
108.21796149503965,93.21851706255212
108.24247363630712,93.21843915166109
108.26698577663566,93.21836123986793
108.29149791615143,93.21828332729305
108.31601005498496,93.21820541406143
108.34052219327042,93.21812750030185
108.36503433114481,93.21804958614612
108.3895464687474,93.21797167172826
108.4140586062187,93.21789375718386
108.43857074370015,93.21781584264919
108.46308288133291,93.21773792826052
108.48759501925761,93.21766001415321
108.51210715761302,93.2175821004611
108.53661929653587,93.21750418731548
108.56113143615983,93.2174262748447
108.58564357661488,93.21734836317314
108.61015571802653,93.21727045242058
108.63466786051545,93.21719254270145
108.65918000419643,93.21711463412448
108.68369214917799,93.21703672679163
108.7082042955619,93.21695882079781
108.73271644344243,93.21688091623025
108.75722859290586,93.21680301316788
108.78174074403026,93.21672511168111
108.80625289688484,93.21664721183129
108.83076505152955,93.21656931367039
108.85527720801494,93.21649141724053
108.87978936638169,93.2164135225741
108.90430152666053,93.21633562969319
108.92881368887194,93.21625773860968
108.95332585302603,93.21617984932519
108.97783801912263,93.21610196183092
109.00235018715092,93.21602407610777
109.02686235708981,93.2159461921264
109.05137452890773,93.21586830984764
109.07588670256291,93.21579042922225
109.1003988780035,93.21571255019158
109.12491105516779,93.21563467268777
109.14942323398449,93.21555679663406
109.17393541437293,93.21547892194543
109.19844759624357,93.21540104852868
109.22295977949821,93.21532317628346
109.24747196403067,93.21524530510243
109.27198414972693,93.21516743487204
109.29649633646589,93.21508956547308
109.3210085241197,93.21501169678146
109.34552071255453,93.21493382866878
109.37003290163086,93.21485596100315
109.3945450912044,93.21477809364985
109.41905728112636,93.2147002264721
109.44356947124442,93.21462235933183
109.468081661403,93.21454449209045
109.49259385144441,93.2144666246096
109.517106041209,93.214388756752
109.54161823053602,93.21431088838212
109.5661304192644,93.21423301936689
109.59064260723318,93.21415514957658
109.6151547942823,93.21407727888545
109.63966698025311,93.21399940717241
109.66417916498925,93.2139215343217
109.68869134833686,93.21384366022367
109.7132035301455,93.21376578477518
109.73771571026863,93.21368790788028
109.76222788856401,93.21361002945083
109.78674006489446,93.21353214940679
109.81125223912827,93.21345426767687
109.83576441113932,93.21337638419878
109.86027658080832,93.21329849891974
109.88478874802239,93.21322061179671
109.9093009126759,93.21314272279658
109.93381307467074,93.21306483189649
109.95832523391643,93.21298693908393
109.9828373903308,93.21290904435688
110.00734954383982,93.21283114772386
110.03186169437816,93.2127532492038
110.05637384188901,93.2126753488262
110.08088598632457,93.21259744663081
110.10539812764594,93.2125195426676
110.12991026582328,93.21244163699663
110.1544224008359,93.21236372968761
110.1789345326721,93.21228582081964
110.20344666132947,93.21220791048103
110.22795878681438,93.21212999876866
110.25247090914249,93.21205208578785
110.27698302833804,93.21197417165158
110.30149514443426,93.21189625648029
110.32600725747284,93.21181834040117
110.3505193675039,93.21174042354765
110.37503147458582,93.21166250605883
110.39954357878493,93.21158458807895
110.42405568017539,93.21150666975656
110.44856777883878,93.21142875124416
110.47307987486391,93.2113508326973
110.49759196834657,93.21127291427415
110.52210405938924,93.21119499613457
110.5466161481005,93.21111707843973
110.57112823459515,93.21103916135134
110.59564031899345,93.21096124503086
110.62015240142114,93.21088332963907
110.64466448200868,93.21080541533524
110.66917656089136,93.21072750227663
110.69368863820846,93.21064959061778
110.71820071410318,93.21057168051001
110.74271278872219,93.21049377210069
110.76722486221522,93.21041586553282
110.79173693473464,93.21033796094459
110.81624900643516,93.21026005846856
110.84076107747342,93.21018215823149
110.8652731480074,93.21010426035359
110.88978521819641,93.21002636494852
110.91429728820052,93.20994847212258
110.93880935817992,93.20987058197464
110.963321428295,93.20979269459568
110.98783349870557,93.20971481006842
111.01234556957074,93.20963692846739
111.03685764104834,93.2095590498583
111.06136971329462,93.20948117429826
111.08588178646413,93.20940330183521
111.11039386070881,93.2093254325081
111.1349059361782,93.2092475663467
111.15941801301852,93.20916970337163
111.18393009137286,93.20909184359414
111.20844217138058,93.20901398701629
111.23295425317673,93.20893613363097
111.25746633689222,93.20885828342202
111.2819784226531,93.20878043636394
111.30649051058036,93.20870259242271
111.33100260078973,93.20862475155529
111.35551469339114,93.20854691371004
111.38002678848862,93.20846907882712
111.40453888618008,93.20839124683827
111.42905098655679,93.2083134176674
111.45356308970335,93.20823559123077
111.47807519569726,93.2081577674372
111.50258730460895,93.20807994618835
111.52709941650131,93.20800212737902
111.55161153142971,93.20792431089765
111.57612364944151,93.2078464966264
111.60063577057625,93.20776868444159
111.62514789486532,93.20769087421414
111.64966002233194,93.2076130658098
111.6741721529908,93.20753525908964
111.69868428684826,93.20745745391028
111.7231964239022,93.20737965012448
111.747708564142,93.2073018475813
111.77222070754834,93.20722404612681
111.79673285409352,93.20714624560416
111.82124500374123,93.20706844585412
111.84575715644677,93.20699064671561
111.87026931215698,93.20691284802592
111.89478147081043,93.20683504962119
111.91929363233764,93.20675725133698
111.94380579666105,93.20667945300842
111.96831796369547,93.20660165447077
111.99283013334781,93.20652385556
112.01734230551781,93.20644605611277
112.04185448009808,93.20636825596726
112.06636665697445,93.20629045496338
112.09087883602605,93.2062126529433
112.1153910171259,93.20613484975168
112.13990320014116,93.20605704523629
112.16441538493355,93.20597923924817
112.18892757135954,93.20590143164225
112.21343975927094,93.20582362227758
112.23795194851536,93.2057458110179
112.26246413893647,93.20566799773162
112.28697633037449,93.20559018229274
112.31148852266686,93.20551236458073
112.33600071564842,93.20543454448111
112.36051290915212,93.20535672188576
112.38502510300921,93.20527889669316
112.40953729705019,93.2052010688088
112.43404949110499,93.20512323814546
112.45856168500342,93.20504540462332
112.48307387857592,93.2049675681705
112.50758607165378,93.20488972872306
112.53209826406993,93.20481188622541
112.55661045565925,93.20473404063037
112.58112264625898,93.20465619189936
112.60563483570931,93.20457834000275
112.63014702385394,93.20450048491973
112.65465921054029,93.20442262663856
112.67917139562013,93.20434476515668
112.70368357894989,93.20426690048059
112.72819576039112,93.20418903262612
112.75270793981075,93.20411116161827
112.77722011708171,93.20403328749107
112.80173229208303,93.20395541028788
112.82624446470032,93.20387753006077
112.8507566348259,93.20379964687082
112.87526880235927,93.20372176078774
112.89978096720716,93.20364387188985
112.92429312928404,93.2035659802634
112.94880528851196,93.20348808600305
112.97331744482103,93.20341018921079
112.9978295981494,93.20333228999608
113.02234174844342,93.2032543884754
113.04685389565789,93.20317648477179
113.0713660397559,93.2030985790144
113.09587818070897,93.20302067133817
113.12039031849719,93.20294276188311
113.144902453109,93.20286485079409
113.16941458454137,93.20278693822009
113.19392671279967,93.20270902431366
113.2184388378975,93.2026311092305
113.24295095985688,93.20255319312858
113.26746307870786,93.20247527616789
113.29197519448853,93.20239735850946
113.31648730724473,93.20231944031495
113.34099941703012,93.2022415217459
113.36551152390578,93.20216360296314
113.39002362794007,93.20208568412613
113.41453572920845,93.20200776539225
113.4390478277933,93.20192984691609
113.46355992378348,93.20185192884911
113.48807201727419,93.2017740113386
113.51258410836684,93.20169609452739
113.53709619716845,93.20161817855299
113.56160828379171,93.20154026354723
113.58612036835446,93.20146234963555
113.61063245097932,93.20138443693645
113.63514453179364,93.20130652556104
113.65965661092903,93.20122861561259
113.6841686885209,93.20115070718596
113.70868076470839,93.20107280036743
113.73319283963389,93.20099489523405
113.75770491344261,93.20091699185342
113.78221698628255,93.20083909028352
113.80672905830369,93.20076119057232
113.8312411296581,93.20068329275753
113.85575320049921,93.20060539686673
113.8802652709818,93.200527502917
113.90477734126131,93.20044961091502
113.92928941149378,93.2003717208569
113.95380148183528,93.20029383272849
113.97831355244165,93.20021594650527
114.0028256234681,93.2001380621526
114.02733769506898,93.20006017962592
114.05184976739721,93.19998229887102
114.07636184060406,93.19990441982414
114.10087391483887,93.1998265424127
114.12538599024855,93.1997486665553
114.14989806697719,93.19967079216248
114.17441014516604,93.19959291913692
114.19892222495275,93.19951504737422
114.22343430647139,93.19943717676323
114.24794638985182,93.19935930718678
114.27245847521965,93.19928143852222
114.29697056269562,93.19920357064215
114.32148265239557,93.19912570341498
114.34599474443002,93.19904783670573
114.37050683890376,93.19896997037668
114.39501893591576,93.19889210428816
114.41953103555882,93.19881423829915
114.44404313791912,93.19873637226812
114.46855524307637,93.19865850605385
114.49306735110315,93.198580639516
114.51757946206499,93.19850277251591
114.54209157601997,93.19842490491749
114.56660369301855,93.1983470365876
114.59111581310347,93.19826916739714
114.61562793630965,93.1981912972214
114.64014006266378,93.19811342594095
114.66465219218436,93.19803555344212
114.68916432488179,93.19795767961769
114.71367646075785,93.19787980436745
114.73818859980607,93.19780192759859
114.7627007420114,93.19772404922648
114.78721288735032,93.19764616917487
114.81172503579094,93.19756828737643
114.83623718729274,93.19749040377296
114.86074934180705,93.19741251831609
114.88526149927662,93.19733463096695
114.90977365963639,93.19725674169705
114.9342858228129,93.1971788504879
114.95879798872505,93.19710095733156
114.9833101572839,93.1970230622303
115.00782232839322,93.19694516519705
115.03233450194932,93.19686726625517
115.05684667784168,93.19678936543819
115.08135885595301,93.19671146279003
115.10587103615974,93.19663355836458
115.13038321833221,93.19655565222557
115.154895402335,93.19647774444631
115.17940758802749,93.19639983510929
115.20391977526407,93.19632192430595
115.22843196389461,93.19624401213618
115.25294415376496,93.19616609870799
115.27745634471734,93.196088184137
115.30196853659069,93.19601026854579
115.32648072922143,93.19593235206369
115.35099292244344,93.19585443482593
115.37550511608916,93.19577651697324
115.40001730998962,93.19569859865122
115.42452950397517,93.19562068000961
115.44904169787584,93.19554276120179
115.47355389152199,93.19546484238415
115.49806608474462,93.19538692371528
115.52257827737608,93.19530900535551
115.54709046925049,93.19523108746611
115.571602660204,93.19515317020878
115.59611485007568,93.19507525374489
115.62062703870771,93.19499733823473
115.6451392259459,93.19491942383729
115.66965141164009,93.19484151070911
115.69416359564474,93.19476359900405
115.71867577781906,93.19468568887261
115.74318795802775,93.19460778046127
115.76770013614107,93.19452987391202
115.79221231203547,93.19445196936191
115.81672448559355,93.19437406694242
115.84123665670484,93.19429616677904
115.8657488252656,93.19421826899091
115.89026099117956,93.19414037369027
115.91477315435776,93.19406248098224
115.93928531471904,93.19398459096423
115.96379747219,93.19390670372607
115.98830962670543,93.1938288193492
116.01282177820825,93.19375093790674
116.0373339266495,93.19367305946322
116.06184607198884,93.19359518407445
116.0863582141943,93.19351731178722
116.11087035324226,93.19343944263923
116.13538248911779,93.19336157665926
116.15989462181429,93.19328371386672
116.18440675133364,93.19320585427184
116.20891887768602,93.19312799787576
116.23343100089005,93.19305014467042
116.25794312097247,93.19297229463876
116.28245523796808,93.19289444775461
116.3069673519196,93.19281660398299
116.33147946287764,93.19273876328032
116.35599157090012,93.19266092559437
116.38050367605263,93.19258309086463
116.4050157784078,93.1925052590224
116.42952787804525,93.1924274299912
116.45403997505124,93.19234960368686
116.47855206951866,93.19227178001783
116.5030641615464,93.19219395888553
116.52757625123937,93.19211614018468
116.55208833870803,93.19203832380339
116.57660042406827,93.1919605096238
116.60111250744092,93.19188269752212
116.62562458895161,93.1918048873693
116.65013666873023,93.19172707903103
116.67464874691095,93.19164927236851
116.69916082363147,93.19157146723845
116.72367289903306,93.19149366349372
116.74818497325988,93.1914158609836
116.77269704645902,93.19133805955425
116.79720911877973,93.19126025904902
116.82172119037344,93.19118245930908
116.84623326139312,93.19110466017334
116.8707453319932,93.19102686147959
116.89525740232907,93.19094906306418
116.9197694725565,93.19087126476289
116.94428154283172,93.19079346641131
116.9687936133108,93.19071566784493
116.99330568414933,93.19063786889991
117.01781775550214,93.19056006941341
117.04232982752272,93.19048226922384
117.06684190036324,93.19040446817151
117.09135397417378,93.19032666609884
117.11586604910232,93.19024886285088
117.14037812529419,93.19017105827558
117.16489020289187,93.19009325222443
117.18940228203444,93.19001544455261
117.21391436285752,93.18993763511948
117.23842644549259,93.189859823789
117.26293853006713,93.18978201043002
117.28745061670375,93.18970419491666
117.31196270552033,93.18962637712868
117.33647479662946,93.18954855695195
117.36098689013825,93.18947073427853
117.38549898614802,93.18939290900715
117.41001108475393,93.18931508104356
117.43452318604488,93.18923725030069
117.45903529010306,93.18915941669903
117.48354739700386,93.18908158016683
117.50805950681567,93.18900374064037
117.53257161959937,93.1889258980643
117.55708373540837,93.18884805239146
117.58159585428865,93.18877020358369
117.60610797627794,93.18869235161131
117.6306201014062,93.18861449645374
117.6551322296951,93.18853663809942
117.6796443611583,93.18845877654593
117.70415649580076,93.18838091179987
117.72866863361926,93.18830304387728
117.75318077460207,93.18822517280317
117.77769291872899,93.18814729861182
117.80220506597117,93.18806942134648
117.82671721629163,93.1879915410596
117.85122936964468,93.1879136578122
117.87574152597648,93.18783577167416
117.90025368522487,93.1877578827238
117.92476584731973,93.18767999104756
117.94927801218272,93.18760209674008
117.97379017972794,93.18752419990352
117.99830234986203,93.18744630064731
118.02281452248404,93.18736839908806
118.04732669748608,93.18729049534886
118.07183887475347,93.18721258955885
118.09635105416497,93.187134681853
118.12086323559319,93.18705677237145
118.14537541890498,93.18697886125902
118.1698876039616,93.1869009486647
118.19439979061934,93.18682303474114
118.21891197872976,93.18674511964393
118.24342416814017,93.1866672035311
118.26793635869419,93.18658928656257
118.29244855023191,93.18651136889935
118.3169607425907,93.18643345070308
118.34147293560525,93.18635553213532
118.36598512910871,93.18627761335681
118.39049732293246,93.18619969452688
118.41500951690696,93.1861217758029
118.43952171086246,93.18604385733938
118.46403390462903,93.1859659392877
118.4885460980374,93.18588802179504
118.51305829091932,93.18581010500408
118.53757048310813,93.1857321890523
118.56208267443922,93.18565427407134
118.5865948647504,93.18557636018647
118.6111070538826,93.18549844751607
118.6356192416802,93.18542053617124
118.66013142799139,93.18534262625488
118.68464361266881,93.18526471786191
118.70915579556976,93.18518681107825
118.73366797655683,93.18510890598088
118.75818015549801,93.18503100263723
118.78269233226737,93.184953101105
118.80720450674504,93.18487520143202
118.83171667881786,93.18479730365588
118.85622884837946,93.1847194078039
118.8807410153306,93.18464151389294
118.90525317957952,93.18456362192951
118.92976534104197,93.1844857319096
118.95427749964156,93.18440784381883
118.9787896553099,93.18432995763246
119.00330180798665,93.18425207331569
119.02781395761981,93.18417419082384
119.05232610416567,93.18409631010238
119.07683824758892,93.18401843108748
119.10135038786282,93.18394055370639
119.12586252496904,93.1838626778776
119.15037465889769,93.18378480351139
119.17488678964742,93.18370693051045
119.19939891722525,93.18362905877014
119.2239110416465,93.18355118817921
119.24842316293473,93.18347331862041
119.27293528112172,93.18339544997102
119.2974473962471,93.1833175821035
119.32195950835835,93.18323971488628
119.34647161751073,93.18316184818426
119.37098372376684,93.1830839818597
119.39549582719657,93.18300611577287
119.4200079278769,93.18292824978276
119.44452002589155,93.18285038374789
119.46903212133086,93.18277251752698
119.49354421429138,93.18269465097974
119.51805630487574,93.18261678396763
119.54256839319233,93.18253891635449
119.56708047935497,93.18246104800735
119.59159256348258,93.18238317879717
119.616104645699,93.18230530859935
119.64061672613252,93.18222743729449
119.66512880491571,93.18214956476916
119.68964088218482,93.18207169091616
119.71415295807994,93.1819938156355
119.73866503274405,93.18191593883456
119.7631771063232,93.18183806042879
119.78768917896585,93.18176018034215
119.8122012508226,93.18168229850743
119.83671332204597,93.18160441486677
119.86122539278976,93.18152652937177
119.88573746320903,93.18144864198398
119.91024953345946,93.18137075267494
119.9347616036973,93.18129286142647
119.9592736740785,93.18121496823075
119.98378574475909,93.1811370730904
120.0082978158941,93.18105917601845
120.03280988763764,93.18098127703846
120.05732196014247,93.18090337618419
120.0818340335595,93.18082547349977
120.10634610803757,93.18074756903924
120.13085818372312,93.18066966286662
120.1553702607597,93.18059175505529
120.17988233928784,93.18051384568803
120.20439441944443,93.18043593485638
120.2289065013628,93.18035802266046
120.25341858517179,93.18028010920833
120.27793067099607,93.1802021946158
120.30244275895535,93.18012427900568
120.32695484916438,93.1800463625073
120.35146694173233,93.17996844525612
120.37597903676286,93.17989052739287
120.4004911343535,93.17981260906329
120.42500323459565,93.17973469041716
120.44951533757407,93.17965677160798
120.47402744336688,93.17957885279216
120.49853955204507,93.17950093412836
120.52305166367256,93.17942301577689
120.54756377830574,93.17934509789909
120.57207589599328,93.17926718065662
120.59658801677625,93.17918926421078
120.62110014068759,93.17911134872202
120.6456122677522,93.17903343434905
120.67012439798674,93.17895552124853
120.6946365313996,93.17887760957424
120.71914866799078,93.1787996994765
120.74366080775175,93.17872179110185
120.7681729506655,93.17864388459209
120.79268509670668,93.17856598008417
120.81719724584129,93.17848807770945
120.84170939802708,93.17841017759339
120.86622155321325,93.17833227985487
120.89073371134086,93.17825438460603
120.91524587234278,93.17817649195186
120.93975803614384,93.17809860198967
120.96427020266111,93.17802071480897
120.98878237180391,93.17794283049118
121.01329454347427,93.17786494910915
121.03780671756691,93.17778707072733
121.0623188939697,93.17770919540125
121.08683107256388,93.17763132317755
121.11134325322436,93.17755345409385
121.13585543582023,93.1774755881786
121.16036762021477,93.17739772545104
121.18487980626622,93.17731986592133
121.2093919938278,93.17724200959032
121.23390418274852,93.17716415644978
121.25841637287324,93.17708630648245
121.28292856404344,93.17700845966199
121.30744075609748,93.17693061595332
121.33195294887103,93.17685277531261
121.35646514219769,93.17677493768745
121.3809773359096,93.1766971030172
121.40548952983758,93.17661927123297
121.43000172381174,93.17654144225813
121.4545139176623,93.17646361600836
121.47902611121968,93.17638579239198
121.50353830431523,93.1763079713103
121.52805049678167,93.1762301526578
121.55256268845355,93.17615233632252
121.57707487916771,93.17607452218645
121.60158706876393,93.17599671012577
121.6260992570853,93.17591890001123
121.6506114439785,93.17584109170852
121.67512362929448,93.17576328507862
121.69963581288873,93.1756854799783
121.72414799462192,93.17560767626016
121.74866017435993,93.17552987377358
121.77317235197452,93.17545207236464
121.79768452734356,93.17537427187658
121.82219670035137,93.17529647215055
121.84670887088905,93.17521867302544
121.87122103885459,93.17514087433896
121.89573320415352,93.17506307592753
121.92024536669867,93.1749852776269
121.94475752641077,93.17490747927255
121.96926968321841,93.17482968070009
121.99378183705822,93.17475188174568
122.01829398787507,93.17467408224643
122.0428061356221,93.17459628204091
122.06731828026096,93.17451848096938
122.09183042176159,93.17444067887429
122.11634256010255,93.17436287560079
122.14085469527068,93.17428507099692
122.16536682726145,93.17420726491422
122.18987895607877,93.17412945720791
122.21439108173473,93.17405164773753
122.23890320424988,93.17397383636703
122.26341532365274,93.17389602296542
122.28792743997998,93.17381820740692
122.31243955327614,93.17374038957148
122.33695166359333,93.17366256934496
122.36146377099138,93.17358474661961
122.3859758755374,93.17350692129439
122.41048797730551,93.17342909327502
122.43500007637681,93.17335126247477
122.45951217283896,93.1732734288141
122.48402426678604,93.17319559222156
122.50853635831822,93.1731177526336
122.53304844754147,93.17303990999487
122.55756053456753,93.17296206425864
122.58207261951294,93.17288421538667
122.6065847024995,93.17280636334964
122.63109678365369,93.17272850812711
122.65560886310605,93.17265064970768
122.68012094099117,93.17257278808907
122.70463301744743,93.17249492327821
122.7291450926163,93.17241705529115
122.75365716664236,93.17233918415322
122.77816923967288,93.1722613098988
122.8026813118572,93.17218343257144
122.82719338334668,93.17210555222361
122.85170545429442,93.17202766891663
122.87621752485443,93.1719497827205
122.90072959518186,93.17187189371367
122.92524166543227,93.1717940019829
122.94975373576146,93.17171610762281
122.97426580632491,93.1716382107358
122.99877787727772,93.17156031143148
123.02328994877386,93.1714824098265
123.04780202096634,93.17140450604408
123.07231409400637,93.17132660021358
123.09682616804331,93.17124869247003
123.12133824322412,93.17117078295365
123.14585031969332,93.17109287180938
123.17036239759223,93.1710149591863
123.19487447705902,93.17093704523703
123.21938655822807,93.17085913011724
123.24389864122996,93.17078121398517
123.26841072619081,93.17070329700054
123.29292281323221,93.17062537932458
123.3174349024709,93.17054746111886
123.34194699401813,93.17046954254484
123.36645908798003,93.17039162376327
123.39097118445659,93.17031370493356
123.41548328354195,93.1702357862129
123.43999538532363,93.17015786775586
123.4645074898828,93.17007994971364
123.4890195972938,93.17000203223337
123.51353170762386,93.16992411545763
123.53804382093271,93.1698461995238
123.56255593727303,93.16976828456343
123.58706805668956,93.1696903707016
123.61158017921916,93.16961245805666
123.63609230489105,93.16953454673929
123.66060443372602,93.16945663685254
123.68511656573682,93.16937872849097
123.70962870092787,93.1693008217404
123.73414083929534,93.16922291667757
123.75865298082677,93.16914501336976
123.78316512550145,93.16906711187447
123.8076772732903,93.16898921223931
123.83218942415563,93.16891131450166
123.85670157805158,93.1688334186887
123.88121373492396,93.16875552481703
123.9057258947104,93.16867763289295
123.93023805734052,93.16859974291226
123.95475022273601,93.1685218548603
123.97926239081075,93.16844396871231
124.00377456147125,93.16836608443316
124.02828673461657,93.16828820197786
124.05279891013879,93.16821032129191
124.07731108792316,93.16813244231126
124.10182326784846,93.16805456496284
124.12633544978729,93.16797668916509
124.15084763360632,93.16789881482812
124.1753598191668,93.16782094185447
124.19987200632487,93.16774307013937
124.2243841949319,93.16766519957137
124.24889638483499,93.1675873300332
124.27340857587733,93.16750946140196
124.29792076789863,93.16743159355012
124.32243296073571,93.16735372634592
124.34694515422268,93.16727585965425
124.37145734819174,93.16719799333733
124.3959695424735,93.16712012725537
124.4204817368974,93.1670422612674
124.4449939312923,93.16696439523183
124.46950612548699,93.16688652900744
124.49401831931065,93.16680866245402
124.51853051259319,93.16673079543295
124.54304270516609,93.16665292780822
124.56755489686249,93.16657505944687
124.59206708751789,93.16649719021989
124.61657927697073,93.16641932000287
124.64109146506253,93.16634144867648
124.66560365163863,93.16626357612732
124.6901158365484,93.1661857022485
124.71462801964591,93.16610782693992
124.73914020079023,93.1660299501092
124.76365237984564,93.16595207167208
124.78816455668233,93.16587419155245
124.81267673117651,93.16579630968342
124.83718890321096,93.16571842600726
124.86170107267515,93.16564054047574
124.88621323946559,93.16556265305056
124.91072540348624,93.16548476370355
124.93523756464855,93.16540687241658
124.95974972287195,93.16532897918214
124.98426187808381,93.16525108400295
125.0087740302198,93.16517318689229
125.03328617922385,93.16509528787385
125.05779832504865,93.16501738698173
125.0823104676554,93.16493948426006
125.10682260701404,93.16486157976323
125.1313347431035,93.16478367355528
125.15584687591131,93.16470576570983
125.18035900543408,93.16462785630985
125.20487113167732,93.16454994544702
125.22938325465533,93.16447203322166
125.25389537439129,93.164394119742
125.27840749091717,93.16431620512391
125.30291960427361,93.16423828949038
125.32743171450984,93.16416037297088
125.35194382168359,93.16408245570096
125.3764559258608,93.16400453782147
125.40096802711558,93.16392661947826
125.42548012553023,93.16384870082122
125.44999222119452,93.16377078200391
125.47450431420596,93.1636928631828
125.49901640466928,93.16361494451664
125.52352849269647,93.1635370261658
125.54804057840603,93.16345910829163
125.5725526619233,93.16338119105582
125.59706474337959,93.16330327461984
125.6215768229122,93.16322535914394
125.64608890066404,93.16314744478699
125.67060097678316,93.16306953170563
125.69511305142255,93.16299162005362
125.7196251247396,93.16291370998127
125.74413719689584,93.16283580163504
125.7686492680563,93.16275789515677
125.79316133838944,93.1626799906834
125.81767340806647,93.1626020883462
125.84218547726087,93.16252418827055
125.86669754614812,93.1624462905753
125.89120961490502,93.16236839537257
125.91572168370922,93.16229050276725
125.9402337527389,93.16221261285651
125.96474582217208,93.16213472572984
125.989257892186,93.16205684146858
126.01376996295691,93.16197896014556
126.03828203465923,93.16190108182496
126.06279410746508,93.1618232065623
126.08730618154367,93.16174533440412
126.11181825706089,93.1616674653879
126.13633033417845,93.16158959954194
126.16084241305367,93.16151173688542
126.1853544938385,93.16143387742828
126.20986657667926,93.16135602117131
126.23437866171585,93.16127816810611
126.25889074908116,93.16120031821524
126.28340283890074,93.16112247147221
126.30791493129195,93.16104462784176
126.3324270263636,93.16096678727985
126.35693912421519,93.16088894973397
126.38145122493658,93.16081111514319
126.40596332860738,93.16073328343855
126.43047543529649,93.16065545454306
126.45498754506158,93.16057762837224
126.47949965794867,93.16049980483426
126.50401177399176,93.16042198383005
126.52852389321222,93.16034416525392
126.55303601561879,93.1602663489937
126.57754814120689,93.16018853493105
126.60206026995863,93.16011072294192
126.62657240184232,93.16003291289671
126.65108453681248,93.1599551046609
126.67559667480963,93.15987729809513
126.70010881576005,93.15979949305584
126.72462095957596,93.15972168939544
126.74913310615533,93.15964388696291
126.77364525538205,93.15956608560394
126.79815740712617,93.15948828516161
126.82266956124366,93.15941048547656
126.84718171757717,93.15933268638761
126.87169387595596,93.15925488773198
126.89620603619643,93.15917708934572
126.92071819810238,93.15909929106435
126.94523036146573,93.15902149272308
126.96974252606694,93.15894369415713
126.99425469167562,93.15886589520245
127.01876685805118,93.15878809569585
127.04327902494356,93.15871029547563
127.06779119209413,93.1586324943818
127.09230335923634,93.15855469225666
127.11681552609674,93.15847688894506
127.14132769239603,93.15839908429491
127.16583985784973,93.15832127815762
127.19035202216939,93.15824347038833
127.21486418506396,93.15816566084646
127.23937634624029,93.15808784939595
127.26388850540484,93.15801003590582
127.28840066226446,93.15793222025033
127.31291281652778,93.15785440230945
127.33742496790643,93.15777658196934
127.36193711611617,93.15769875912235
127.38644926087807,93.1576209336676
127.41096140191983,93.15754310551131
127.43547353897708,93.15746527456693
127.45998567179434,93.15738744075546
127.48449780012645,93.15730960400582
127.50900992373964,93.15723176425503
127.53352204241261,93.15715392144837
127.55803415593773,93.15707607553975
127.58254626412202,93.15699822649162
127.60705836678832,93.1569203742755
127.6315704637759,93.15684251887174
127.65608255494188,93.15676466026991
127.6805946401615,93.15668679846858
127.7051067193294,93.15660893347582
127.72961879235983,93.15653106530867
127.75413085918784,93.15645319399351
127.7786429197692,93.15637531956605
127.80315497408121,93.15629744207085
127.82766702212314,93.15621956156177
127.85217906391622,93.15614167810125
127.87669109950406,93.15606379176064
127.90120312895249,93.15598590261973
127.9257151523498,93.15590801076647
127.95022716980654,93.1558301162969
127.9747391814552,93.15575221931458
127.99925118745008,93.15567431993051
128.02376318796678,93.15559641826252
128.04827518320184,93.15551851443506
128.07278717337186,93.15544060857867
128.09729915871327,93.15536270082943
128.12181113948103,93.1552847913287
128.14632311594835,93.15520688022221
128.17083508840528,93.15512896766002
128.19534705715802,93.15505105379546
128.21985902252771,93.15497313878491
128.2443709848492,93.15489522278698
128.26888294447016,93.15481730596196
128.29339490174934,93.15473938847114
128.3179068570558,93.15466147047617
128.34241881076707,93.15458355213848
128.36693076326813,93.15450563361861
128.3914427149499,93.15442771507526
128.41595466620757,93.1543497966652
128.44046661743943,93.154271878542
128.4649785690453,93.15419396085578
128.48949052142495,93.15411604375245
128.51400247497708,93.15403812737306
128.53851443009722,93.15396021185312
128.56302638717676,93.15388229732233
128.5875383466015,93.15380438390353
128.61205030875018,93.15372647171253
128.63656227399312,93.15364856085756
128.66107424269117,93.15357065143867
128.6855862151943,93.15349274354725
128.71009819184044,93.15341483726594
128.73461017295443,93.15333693266795
128.75912215884702,93.15325902981682
128.78363414981385,93.15318112876628
128.80814614613456,93.15310322955989
128.83265814807214,93.15302533223087
128.85717015587193,93.15294743680212
128.88168216976123,93.152869543286
128.9061941899487,93.1527916516843
128.93070621662383,93.15271376198828
128.95521824995663,93.15263587417901
128.9797302900974,93.15255798822706
129.00424233717655,93.15248010409307
129.02875439130437,93.15240222172768
129.05326645257117,93.15232434107216
129.07777852104743,93.1522464620584
129.1022905967838,93.15216858460963
129.1268026798115,93.15209070864054
129.1513147701426,93.15201283405804
129.17582686777035,93.15193496076155
129.20033897266998,93.15185708864374
129.2248510847991,93.15177921759104
129.24936320409813,93.15170134748416
129.27387533049128,93.1516234781991
129.2983874638872,93.15154560960742
129.32289960417978,93.15146774157732
129.34741175124913,93.15138987397395
129.3719239049622,93.15131200666063
129.39643606517396,93.15123413949932
129.4209482317282,93.15115627235143
129.4454604044587,93.15107840507858
129.46997258318999,93.15100053754345
129.49448476773853,93.15092266961051
129.5189969579136,93.15084480114669
129.54350915351856,93.15076693202221
129.56802135435146,93.15068906211137
129.5925335602064,93.15061119129302
129.61704577087434,93.15053331945157
129.641557986144,93.15045544647725
129.66607020580298,93.15037757226703
129.69058242963848,93.15029969672509
129.7150946574382,93.15022181976342
129.73960688899115,93.15014394130199
129.76411912408855,93.15006606126968
129.7886313625243,93.1499881796045
129.81314360409587,93.14991029625371
129.83765584860487,93.14983241117432
129.86216809585744,93.14975452433342
129.88668034566504,93.1496766357081
129.91119259784466,93.14959874528583
129.93570485221923,93.1495208530644
129.96021710861805,93.14944295905183
129.98472936687696,93.14936506326652
130.0092416268385,93.1492871657371
130.033753888352,93.14920926650217
130.05826615127384,93.14913136561012
130.08277841546723,93.14905346311886
130.1072906808023,93.14897555909546
130.13180294715585,93.14889765361583
130.15631521441128,93.14881974676425
130.18082748245834,93.14874183863283
130.20533975119295,93.14866392932099
130.2298520205166,93.14858601893506
130.25436429033638,93.14850810758745
130.27887656056424,93.14843019539599
130.30338883111668,93.14835228248356
130.32790110191422,93.14827436897707
130.35241337288124,93.14819645500687
130.37692564394484,93.14811854070587
130.40143791503488,93.14804062620905
130.42595018608296,93.14796271165237
130.45046245702238,93.1478847971722
130.47497472778696,93.14780688290449
130.49948699831103,93.14772896898397
130.52399926852843,93.1476510555433
130.54851153837225,93.14757314271242
130.57302380777423,93.14749523061778
130.597536076664,93.14741731938167
130.622048344969,93.14733940912134
130.64656061261365,93.1472614999485
130.67107287951913,93.14718359196854
130.69558514560296,93.14710568528017
130.72009741077838,93.1470277799745
130.74460967495446,93.1469498761348
130.76912193803534,93.14687197383593
130.79363419992058,93.14679407314385
130.81814646050435,93.14671617411538
130.8426587196758,93.14663827679766
130.86717097731872,93.1465603812281
130.89168323331168,93.14648248743406
130.91619548752792,93.14640459543271
130.94070773983555,93.14632670523078
130.96521999009775,93.14624881682487
130.9897322381728,93.14617093020108
131.0142444839147,93.14609304533533
131.03875672717305,93.14601516219344
131.06326896779382,93.1459372807312
131.08778120561954,93.1458594008948
131.11229344049,93.14578152262105
131.13680567224267,93.14570364583761
131.16131790071324,93.14562577046365
131.1858301257365,93.14554789641008
131.21034234714656,93.14547002358015
131.2348545647782,93.14539215186997
131.2593667784671,93.14531428116908
131.2838789880507,93.14523641136114
131.30839119336932,93.14515854232444
131.3329033942666,93.14508067393268
131.35741559059062,93.14500280605561
131.38192778219454,93.14492493855995
131.40643996893758,93.14484707130981
131.43095215068587,93.14476920416773
131.45546432731325,93.1446913369952
131.47997649870217,93.1446134696538
131.50448866474454,93.14453560200552
131.52900082534237,93.14445773391377
131.55351298040873,93.14437986524422
131.5780251298683,93.14430199586536
131.60253727365844,93.14422412564927
131.6270494117293,93.14414625447245
131.65156154404494,93.14406838221628
131.67607367058355,93.14399050876794
131.70058579133809,93.14391263402088
131.72509790631676,93.1438347578755
131.74961001554337,93.14375688023952
131.77412211905738,93.14367900102867
131.7986342169146,93.14360112016725
131.82314630918694,93.1435232375883
131.8476583959626,93.1434453532341
131.8721704773463,93.14336746705665
131.89668255345873,93.14328957901775
131.9211946244369,93.14321168908921
131.9457066904335,93.14313379725333
131.9702187516166,93.14305590350266
131.99473080816963,93.14297800784037
132.01924286029018,93.14290011028004
132.0437549081901,93.14282221084584
132.06826695209458,93.1427443095723
132.09277899224102,93.14266640650416
132.117291028879,93.1425885016964
132.14180306226868,93.14251059521386
132.16631509268024,93.14243268713078
132.1908271203926,93.14235477753095
132.21533914569272,93.1422768665068
132.239851168874,93.14219895415953
132.26436319023546,93.14212104059817
132.2888752100804,93.1420431259395
132.31338722871496,93.14196521030725
132.33789924644714,93.14188729383184
132.36241126358536,93.14180937664939
132.3869232804369,93.14173145890176
132.411435297307,93.14165354073532
132.435947314497,93.14157562230058
132.46045933230357,93.14149770375171
132.48497135101678,93.14141978524552
132.50948337091916,93.1413418669412
132.53399539228437,93.1412639489993
132.55850741537583,93.14118603158126
132.58301944044553,93.14110811484883
132.60753146773303,93.14103019896326
132.63204349746405,93.14095228408456
132.65655552984973,93.14087437037115
132.6810675650853,93.14079645797898
132.70557960334955,93.14071854706118
132.73009164480368,93.14064063776713
132.75460368959074,93.14056273024218
132.77911573783473,93.14048482462702
132.80362778964044,93.14040692105712
132.8281398450924,93.14032901966226
132.85265190425508,93.14025112056605
132.87716396717224,93.1401732238856
132.90167603386686,93.14009532973098
132.926188104341,93.14001743820482
132.95070017857606,93.13993954940227
132.97521225653273,93.13986166341023
132.99972433815114,93.13978378030745
133.02423642335157,93.13970590016422
133.04874851203462,93.13962802304196
133.07326060408175,93.13955014899335
133.09777269935623,93.13947227806196
133.12228479770368,93.13939441028228
133.14679689895277,93.13931654567952
133.17130900291664,93.13923868426976
133.19582110939353,93.13916082605976
133.2203332181678,93.13908297104709
133.2448453290116,93.1390051192201
133.26935744168574,93.13892727055813
133.29386955594083,93.13884942503157
133.31838167151912,93.13877158260169
133.3428937881556,93.13869374322155
133.36740590557943,93.13861590683523
133.3919180235155,93.13853807337881
133.4164301416859,93.1384602427802
133.44094225981155,93.13838241495951
133.46545437761336,93.13830458982932
133.48996649481418,93.1382267672948
133.51447861114008,93.13814894725436
133.5389907263217,93.13807112959961
133.5635028400961,93.13799331421586
133.588014952208,93.13791550098234
133.61252706241078,93.13783768977264
133.6370391704687,93.1377598804552
133.66155127615724,93.13768207289344
133.68606337926494,93.13760426694613
133.7105754795943,93.13752646246793
133.73508757696314,93.13744865930987
133.75959967120497,93.13737085731937
133.7841117621707,93.13729305634101
133.80862384972897,93.13721525621679
133.8331359337669,93.13713745678652
133.85764801419091,93.13705965788823
133.88216009092733,93.13698185935866
133.90667216392225,93.13690406103355
133.93118423314263,93.13682626274817
133.955696298576,93.13674846433783
133.98020836023088,93.13667066563787
134.00472041813637,93.13659286648463
134.02923247234253,93.13651506671552
134.0537445229199,93.13643726616945
134.0782565699594,93.13635946468742
134.10276861357144,93.13628166211274
134.12728065388612,93.13620385829158
134.15179269105204,93.13612605307321
134.17630472523598,93.13604824631061
134.20081675662186,93.13597043786062
134.2253287854101,93.13589262758448
134.24984081181668,93.1358148153483
134.27435283607173,93.1357370010231
134.29886485841917,93.13565918448555
134.32337687911493,93.13558136561801
134.34788889842605,93.13550354430909
134.37240091662966,93.1354257204539
134.39691293401125,93.13534789395425
134.42142495086375,93.13527006471917
134.44593696748606,93.13519223266508
134.47044898418181,93.13511439771602
134.49496100125774,93.13503655980391
134.51947301902277,93.13495871886893
134.54398503778646,93.13488087485955
134.56849705785748,93.13480302773276
134.5930090795426,93.13472517745446
134.61752110314538,93.13464732399915
134.6420331289647,93.13456946735063
134.66654515729377,93.13449160750152
134.69105718841888,93.13441374445372
134.71556922261811,93.13433587821837
134.74008126016076,93.13425800881566
134.7645933013056,93.13418013627516
134.7891053463007,93.1341022606354
134.8136173953819,93.13402438194399
134.83812944877252,93.13394650025755
134.8626415066823,93.13386861564129
134.88715356930686,93.13379072816926
134.9116656368272,93.13371283792364
134.9361777094089,93.13363494499482
134.96068978720234,93.13355704948108
134.98520187034163,93.13347915148826
135.00971395894476,93.13340125112913
135.03422605311354,93.13332334852349
135.0587381529333,93.13324544379745
135.08325025847287,93.133167537083
135.10776236978478,93.13308962851768
135.1322744869054,93.13301171824395
135.15678660985515,93.13293380640874
135.18129873863884,93.13285589316285
135.20581087324584,93.13277797866046
135.23032301365075,93.13270006305845
135.25483515981387,93.13262214651583
135.27934731168153,93.13254422919321
135.30385946918705,93.13246631125202
135.32837163225093,93.13238839285388
135.35288380078214,93.13231047416015
135.37739597467814,93.13223255533099
135.4019081538262,93.13215463652499
135.42642033810404,93.13207671789822
135.45093252738042,93.13199879960378
135.47544472151628,93.1319208817912
135.49995692036555,93.13184296460568
135.5244691237756,93.13176504818748
135.54898133158864,93.1316871326715
135.5734935436423,93.13160921818631
135.59800575977016,93.13153130485418
135.62251797980338,93.13145339279
135.64703020357067,93.13137548210106
135.67154243089942,93.13129757288672
135.69605466161656,93.13121966523752
135.7205668955491,93.1311417592353
135.74507913252484,93.13106385495254
135.76959137237327,93.13098595245224
135.79410361492575,93.13090805178733
135.81861586001642,93.13083015300089
135.8431281074826,93.13075225612569
135.86764035716539,93.13067436118416
135.8921526089098,93.13059646818822
135.91666486256543,93.13051857713943
135.9411771179867,93.13044068802891
135.9656893750331,93.13036280083732
135.99020163356934,93.13028491553527
136.01471389346565,93.13020703208312
136.0392261545979,93.13012915043163
136.06373841684746,93.13005127052186
136.08825068010134,93.1299733922856
136.11276294425232,93.129895515646
136.13727520919855,93.12981764051766
136.16178747484352,93.12973976680706
136.18629974109612,93.12966189441359
136.21081200786992,93.12958402322921
136.23532427508346,93.12950615313993
136.25983654265949,93.12942828402576
136.284348810525,93.12935041576162
136.30886107861053,93.12927254821798
136.33337334685007,93.12919468126158
136.35788561518038,93.12911681475589
136.38239788354076,93.12903894856221
136.40691015187258,93.12896108254007
136.4314224201185,93.12888321654819
136.4559346882225,93.12880535044502
136.48044695612904,93.1287274840897
136.5049592237826,93.12864961734262
136.52947149112737,93.12857175006629
136.5539837581066,93.128493882126
136.5784960246622,93.1284160133905
136.60300829073438,93.12833814373272
136.62752055626115,93.12826027303046
136.65203282117776,93.1281824011671
136.6765450854165,93.12810452803191
136.70105734890637,93.1280266535212
136.7255696115725,93.12794877753824
136.7500818733361,93.12787089999424
136.77459413411395,93.12779302080847
136.79910639381848,93.12771513990913
136.82361865235734,93.12763725723326
136.84813090963314,93.12755937272746
136.87264316554385,93.12748148634796
136.89715541998203,93.127403598061
136.9216676728354,93.12732570784291
136.9461799239866,93.12724781568039
136.97069217331318,93.12716992157044
136.99520442068808,93.12709202552068
137.0197166659792,93.12701412754906
137.0442289090502,93.12693622768393
137.06874114976048,93.12685832596394
137.0932533879655,93.12678042243792
137.117765623517,93.1267025171646
137.1422778562637,93.12662461021247
137.16679008605138,93.12654670165931
137.19130231272365,93.12646879159217
137.21581453612217,93.12639088010661
137.2403267560874,93.12631296730652
137.26483897245905,93.12623505330362
137.28935118507664,93.1261571382172
137.31386339378034,93.1260792221731
137.33837559841143,93.12600130530365
137.36288779881278,93.12592338774681
137.38739999483002,93.12584546964577
137.41191218631184,93.12576755114827
137.43642437311095,93.12568963240594
137.46093655508454,93.12561171357362
137.4854486008654,93.12553379522615
137.5099603564455,93.12545587801232
137.53447177278736,93.12537796224854
137.55898279309457,93.1253000482765
137.58349335169154,93.12522213646632
137.6080033727598,93.12514422721964
137.63251276891583,93.12506632097379
137.6570214396146,93.12498841820593
137.68152926936025,93.12491051943843
137.70603612570616,93.12483262524438
137.7305418570229,93.12475473625436
137.75504629001458,93.12467685316363
137.77954922695938,93.12459897674019
137.8040504426516,93.12452110783452
137.82854968102114,93.12444324738928
137.85304665140316,93.12436539645098
137.87754102443282,93.12428755618284
137.902032427538,93.12420972787808
137.92652044000036,93.12413191297594
137.95100458755974,93.1240541130781
137.97548433653077,93.12397632996732
137.99995908740587,93.12389856562726
138.02442816791614,93.12382082226445
138.04889082552293,93.12374310233206
138.07334621931727,93.12366540855531
138.09779341130007,93.12358774395904
138.1222313570237,93.12351011189769
138.14665889557543,93.1234325160866
138.17107473888677,93.1233549606363
138.19547746035659,93.12327745008854
138.2198654827805,93.1231999894547
138.2442370655829,93.12312258425644
138.2685902913551,93.12304524056852
138.29292305170853,93.12296796506399
138.3172330324571,93.12289076506129
138.3415176981537,93.12281364857365
138.36577427601128,93.12273662436039
138.38999973924817,93.12265970197993
138.4141907899066,93.12258289184479
138.43834384120456,93.1225062052778
138.46245499948847,93.12242965456976
138.4865200458676,93.12235325303809
138.51053441761982,93.12227701508628
138.534493189472,93.12220095626358
138.5583910548657,93.12212509332487
138.5822223073348,93.12204944429028
138.60598082212803,93.1219740285037
138.6296600382242,93.12189886669064
138.65325294089385,93.12182398101358
138.6767520449762,93.12174939512575
138.70014937904298,93.12167513422173
138.72343647063354,93.12160122508473
138.74660433274985,93.12152769612993
138.7696434518063,93.12145457744292
138.79254377723217,93.12138190081338
138.81529471292873,93.1213096997625
138.83788511078163,93.12123800956375
138.86030326642862,93.12116686725692
138.8825369174788,93.12109631165404
138.90457324437386,93.12102638333702
138.92639887407373,93.12095712464615
138.94799988673788,93.1208885796594
138.969361825562,93.12082079416115
138.99046970991253,93.12075381560119
139.01130805188492,93.12068769304199
139.03186087639156,93.1206224770955
139.05211174486084,93.12055821984782
139.07204378260693,93.12049497477277
139.0916397099004,93.12043279663322
139.11088187674312,93.12037174137093
139.12975230131926,93.12031186598452
139.14823271206402,93.12025322839611
139.1663045932577,93.12019588730661
139.1839492340197,93.12013990204024
139.2011477805445,93.12008533237875
139.21788129138454,93.1200322383859
139.23413079555607,93.11998068022297
139.24987735320624,93.11993071795622
139.2651021185518,93.119882411357
139.27978640476783,93.11983581969564
139.29391175047695,93.1197910015304
139.30745998746477,93.11974801449234
139.3204133092219,93.11970691506764
139.3327543398957,93.11966775837858
139.34446620321705,93.11963059796469
139.35553259095266,93.1195954855652
139.36593783042954,93.1195624709046
139.3756669506676,93.1195316014826
139.38470574666115,93.11950292236996
139.3930408413505,93.11947647601129
139.40065974483605,93.11945230203749
139.40755091039853,93.11943043708729
139.4137037869087,93.1194109146411
139.41910886723002,93.11939376486697
139.42375773224424,93.11937901448093
139.42764309016204,93.11936668662183
139.4307588108113,93.11935680074285
139.43309995463588,93.11934937251877
139.43466279617508,93.11934441377193
139.43544484183928,93.11934193241547
